# Exported from Wings 3D 1.4.1
mtllib barrel.mtl
o cylinder2
#16 vertices, 10 faces
v 0.50000000 1.00000000 0.0000000e+0
v 0.35355339 1.00000000 0.35355339
v 3.0616170e-17 1.00000000 0.50000000
v -0.35355339 1.00000000 0.35355339
v -0.50000000 1.00000000 6.1232340e-17
v -0.35355339 1.00000000 -0.35355339
v -9.1848510e-17 1.00000000 -0.50000000
v 0.35355339 1.00000000 -0.35355339
v 0.50000000 -1.00000000 0.0000000e+0
v 0.35355339 -1.00000000 0.35355339
v 3.0616170e-17 -1.00000000 0.50000000
v -0.35355339 -1.00000000 0.35355339
v -0.50000000 -1.00000000 6.1232340e-17
v -0.35355339 -1.00000000 -0.35355339
v -9.1848510e-17 -1.00000000 -0.50000000
v 0.35355339 -1.00000000 -0.35355339
vn 0.0000000e+0 1.00000000 0.0000000e+0
vn 0.92387953 0.0000000e+0 -0.38268343
vn 0.92387953 0.0000000e+0 0.38268343
vn 0.0000000e+0 1.00000000 0.0000000e+0
vn 0.38268343 0.0000000e+0 0.92387953
vn 0.92387953 0.0000000e+0 0.38268343
vn 0.0000000e+0 1.00000000 0.0000000e+0
vn -0.38268343 0.0000000e+0 0.92387953
vn 0.38268343 0.0000000e+0 0.92387953
vn 0.0000000e+0 1.00000000 0.0000000e+0
vn -0.92387953 0.0000000e+0 0.38268343
vn -0.38268343 0.0000000e+0 0.92387953
vn 0.0000000e+0 1.00000000 0.0000000e+0
vn -0.92387953 0.0000000e+0 -0.38268343
vn -0.92387953 0.0000000e+0 0.38268343
vn 0.0000000e+0 1.00000000 0.0000000e+0
vn -0.38268343 0.0000000e+0 -0.92387953
vn -0.92387953 0.0000000e+0 -0.38268343
vn 0.0000000e+0 1.00000000 0.0000000e+0
vn 0.38268343 0.0000000e+0 -0.92387953
vn -0.38268343 0.0000000e+0 -0.92387953
vn 0.0000000e+0 1.00000000 0.0000000e+0
vn 0.92387953 0.0000000e+0 -0.38268343
vn 0.38268343 0.0000000e+0 -0.92387953
vn 0.0000000e+0 -1.00000000 7.8504623e-17
vn 0.92387953 0.0000000e+0 -0.38268343
vn 0.92387953 0.0000000e+0 0.38268343
vn 0.0000000e+0 -1.00000000 7.8504623e-17
vn 0.38268343 0.0000000e+0 0.92387953
vn 0.92387953 0.0000000e+0 0.38268343
vn 0.0000000e+0 -1.00000000 7.8504623e-17
vn -0.38268343 0.0000000e+0 0.92387953
vn 0.38268343 0.0000000e+0 0.92387953
vn 0.0000000e+0 -1.00000000 7.8504623e-17
vn -0.92387953 0.0000000e+0 0.38268343
vn -0.38268343 0.0000000e+0 0.92387953
vn 0.0000000e+0 -1.00000000 7.8504623e-17
vn -0.92387953 0.0000000e+0 -0.38268343
vn -0.92387953 0.0000000e+0 0.38268343
vn 0.0000000e+0 -1.00000000 7.8504623e-17
vn -0.38268343 0.0000000e+0 -0.92387953
vn -0.92387953 0.0000000e+0 -0.38268343
vn 0.0000000e+0 -1.00000000 7.8504623e-17
vn 0.38268343 0.0000000e+0 -0.92387953
vn -0.38268343 0.0000000e+0 -0.92387953
vn 0.0000000e+0 -1.00000000 7.8504623e-17
vn 0.92387953 0.0000000e+0 -0.38268343
vn 0.38268343 0.0000000e+0 -0.92387953
g cylinder2_default
usemtl default
s 1
f 1//1 8//22 7//19 6//16 5//13 4//10 3//7 2//4
f 10//28 11//31 12//34 13//37 14//40 15//43 16//46 9//25
s 2
f 2//6 10//30 9//27 1//3
f 5//15 13//39 12//35 4//11
f 7//21 15//45 14//41 6//17
s 3
f 4//12 12//36 11//32 3//8
f 6//18 14//42 13//38 5//14
f 8//24 16//48 15//44 7//20
s 4
f 1//2 9//26 16//47 8//23
f 3//9 11//33 10//29 2//5
